function FiveSteph2
clc
options.MaxFunEvals = 9000000;
x0=[608,0.3366,12,25,40,55,.33,.33,.33,.33,.57,-18,109,1.44,0,-19,73,0,102,154,1.0104,0,136,187,1.266,1.66,5,-3,7.2,1.000825,-152,-3.3,1.8];
fsolve(@fan,x0)
% tau=x(1) a5=x(2) n61=x(3) n62=x(4) n63=x(5) n64=x(6) a1=x(7) a2=x(8)
% a3=x(9) a4=x(10) psi=x(11) tD=x(12) tB=x(13) theta=x(14) psi2=x(15)
% tD2=x(16) tB2=x(17) psi3=x(18) tD2A=x(19) tB2A=x(20) theta2A=x(21) 
% psi3A=x(22) tD3A=x(23) tB3A=x(24) theta3A=x(25) theta2B=x(26)
% psi3B=x(27) tD3B=x(28) tB3B=x(29) theta3B=x(30) tD4B=x(31) tB4B=x(32)
% theta4B=x(33)	
 
function y=fan(x)
options.MaxFunEvals = 9000000;
 
k10=1.04E+06; % Pre-exponential Factor
k20=7.30E+15;
k30=8.62E+11;
E1=3.43E+04; % Activation Energy
E2=1.11E+05;
E3=8.47E+04;
%---ADJUSTABLE PARAMETERS-----------------SPECIFY------------%
cat=3*10^-5; % concentration of catalyst, mol/L
p=800; % rxr total pressure, psig
ncyc=150; % mol/s cyclohexane
t=80; % rxr temperature, degC
%-----------------------------------------------------%
T=t+273.15; % temperature, kelvin
 
% vapor pressure calculations
pcyc=0.019337*(exp(15.7527-2766.63/(T+(-50.5)))); %vapor P,cyclohexane,psi (depends on T)
p2=(-0.0573)*(t^2)+21.523*t+461.88; %vapor P,ethylene,psi (depends on t)
p6=0.019337*exp(15.8089-2654.81/(T-47.3)); %vapor P, hexene, psi
p8=0.019337*exp(15.963-3116.52/(T-60.39)); %vapor P, octene
p10=0.019337*exp(16.0129-3448.18/(T-76.09)); %vapor P, decene
poct=0.019337*exp(15.7428-3017.81/(T-137.1));%vapor P, octanol, psi 
peth=0.019337*exp(15.6637-1511.42/(T-17.16)); %vapor P, ethane 
pmeth=0.019337*exp(15.2243-597.84/(T-7.16)); %vapor P, methane
 
k1=cat*k10*exp(-E1/(8.3145*(t+273.15)));
k2=cat*k20*exp(-E2/(8.3145*(t+273.15)));
k3=cat*k30*exp(-E3/(8.3145*(t+273.15)));
 
n20=ncyc*((pcyc-p)/(p-p2)); % calculates inlet ethylene feed (mol/s) to rxr 1 based 
                            % on set pressure and set cyclohex feed
% conversion per reactor                          
a1=x(7); 
a2=x(8);
a3=x(9);
a4=x(10);
a5=x(2);
 
% RXR RXR RXR RXR RXR RXR RXR RXR RXR RXR RXR RXR RXR RXR RXR RXR RXR RXR
% 1 REACTOR------------------------------------------------------------
n21=n20*(1-a1); 
y(1)=n21-((n20)/x(1))/(3*k1+4*k2+2*k1*k3*x(1)/(1+k3*x(1))+1/x(1)); %rxr 1, ethylene tau
y(2)=x(3)-k1*x(1)*n21/(1+k3*x(1));                                 %rxr 1, hexene tau
n81=x(1)*k2*n21; % octene outlet from rxr1, mol/s
n101=x(1)*k3*((k1*x(1)*n21)/(1+k3*x(1))); % decene outlet rxr1, mol/s
% 1 NEW CODE BELOW
n21_=((p6*x(3)+p10*n101+p8*n81+pcyc*ncyc)-(p*(x(3)+n101+n81+ncyc)))/(p-p2); % ethylene inlet to rxr 2
n21m=n21_-n21; % makeup ethylene feed to rxr 2
sum1=n21+x(3)+n101+n81+ncyc;
f21=n21/sum1; f61=x(3)/sum1; f101=n101/sum1; f81=n81/sum1; fcyc1=ncyc/sum1; f1=f21+f61+f101+f81+fcyc1;
P1before=p2*f21+p6*f61+p10*f101+p8*f81+pcyc*fcyc1;
sum1=n21_+x(3)+n101+n81+ncyc;
f21=n21_/sum1; f61=x(3)/sum1; f101=n101/sum1; f81=n81/sum1; fcyc1=ncyc/sum1; f1=f21+f61+f101+f81+fcyc1;
P1after=p2*f21+p6*f61+p10*f101+p8*f81+pcyc*fcyc1;
% 1 END OF NEW CODE
 
% 2 REACTOR------------------------------------------------------------
n22=n21_*(1-a2); 
y(3)=n22-(n21_/x(1)-2*k3*x(3)/(1+k3*x(1)))/(3*k1+4*k2+2*k1*k3*x(1)/(1+k3*x(1))+1/x(1));
y(4)=x(4)-(k1*x(1)*n22+x(3))/(1+k3*x(1));
n82=x(1)*k2*n22+n81; % octene out of rxr2, mol/s
n102=x(1)*k3*((k1*x(1)*n22+x(3))/(1+k3*x(1)))+n101; % decene outlet rxr2, mol/s
% 2 NEW CODE BELOW- calculates makeup ethylene feed for next reactor
n22_=((p6*x(4)+p10*n102+p8*n82+pcyc*ncyc)-(p*(x(4)+n102+n82+ncyc)))/(p-p2); % ethylene inlet to rxr 3
n22m=n22_-n22; % makeup ethylene feed to rxr 3
sum2=n22+x(4)+n102+n82+ncyc;
f22=n22/sum2; f62=x(4)/sum2; f102=n102/sum2; f82=n82/sum2; fcyc2=ncyc/sum2; f2=f22+f62+f102+f82+fcyc2;
P2before=p2*f22+p6*f62+p10*f102+p8*f82+pcyc*fcyc2;
sum2=n22_+x(4)+n102+n82+ncyc;
f22=n22_/sum2; f62=x(4)/sum2; f102=n102/sum2; f82=n82/sum2; fcyc2=ncyc/sum2; f2=f22+f62+f102+f82+fcyc2;
P2after=p2*f22+p6*f62+p10*f102+p8*f82+pcyc*fcyc2;
% 2 END OF NEW CODE
 
% 3 REACTOR------------------------------------------------------------
n23=n22_*(1-a3);
y(5)=n23-(n22_/x(1)-2*k3*x(4)/(1+k3*x(1)))/(3*k1+4*k2+2*k1*k3*x(1)/(1+k3*x(1))+1/x(1));
y(6)=x(5)-(k1*x(1)*n23+x(4))/(1+k3*x(1));
n83=x(1)*k2*n23+n82;
n103=x(1)*k3*((k1*x(1)*n23+x(4))/(1+k3*x(1)))+n102;
% 3 NEW CODE BELOW
n23_=((p6*x(5)+p10*n103+p8*n83+pcyc*ncyc)-(p*(x(5)+n103+n83+ncyc)))/(p-p2); % ethylene inlet to rxr 4
n23m=n23_-n23; % makeup ethylene feed to rxr 4
sum3=n23+x(5)+n103+n83+ncyc;
f23=n23/sum3; f63=x(5)/sum3; f103=n103/sum3; f83=n83/sum3; fcyc3=ncyc/sum3; f3=f23+f63+f103+f83+fcyc3;
P3before=p2*f23+p6*f63+p10*f103+p8*f83+pcyc*fcyc3;
sum3=n23_+x(5)+n103+n83+ncyc;
f23=n23_/sum3; f63=x(5)/sum3; f103=n103/sum3; f83=n83/sum3; fcyc3=ncyc/sum3; f3=f23+f63+f103+f83+fcyc3;
P3after=p2*f23+p6*f63+p10*f103+p8*f83+pcyc*fcyc3;
% 3 END OF NEW CODE
 
% 4 REACTOR------------------------------------------------------------
n24=n23_*(1-a4); 
y(7)=n24-(n23_/x(1)-2*k3*x(5)/(1+k3*x(1)))/(3*k1+4*k2+2*k1*k3*x(1)/(1+k3*x(1))+1/x(1));
y(8)=x(6)-(k1*x(1)*n24+x(5))/(1+k3*x(1));
n84=x(1)*k2*n24+n83;
n104=x(1)*k3*((k1*x(1)*n24+x(5))/(1+k3*x(1)))+n103;
% 4 NEW CODE BELOW
n24_=((p6*x(6)+p10*n104+p8*n84+pcyc*ncyc)-(p*(x(6)+n104+n84+ncyc)))/(p-p2); % ethylene inlet to rxr 5
n24m=n24_-n24; % makeup ethylene feed to rxr 4
sum4=n24+x(6)+n104+n84+ncyc;
f24=n24/sum4; f64=x(6)/sum4; f104=n104/sum4; f84=n84/sum4; fcyc4=ncyc/sum4; f4=f24+f64+f104+f84+fcyc4;
P4before=p2*f24+p6*f64+p10*f104+p8*f84+pcyc*fcyc4;
sum4=n24_+x(6)+n104+n84+ncyc;
f24=n24_/sum4; f64=x(6)/sum4; f104=n104/sum4; f84=n84/sum4; fcyc4=ncyc/sum4; f4=f24+f64+f104+f84+fcyc4;
P4after=p2*f24+p6*f64+p10*f104+p8*f84+pcyc*fcyc4;
% 4 END OF NEW CODE
 
% 5 REACTOR------------------------------------------------------------
n25=n24_*(1-a5);
y(9)=n25-(n24_/x(1)-2*k3*x(6)/(1+k3*x(1)))/(3*k1+4*k2+2*k1*k3*x(1)/(1+k3*x(1))+1/x(1));
y(10)=72-(k1*x(1)*n25+x(6))/(1+k3*x(1));
n85=x(1)*k2*n25+n84;
n105=x(1)*k3*((k1*x(1)*n25+x(6))/(1+k3*x(1)))+n104;
% 5 NEW CODE BELOW
%n25_=((p6*72+p10*n105+p8*n85+pcyc*ncyc)-(p*(72+n105+n85+ncyc)))/(p-p2); % ethylene inlet to DISTILLATION SEQUENCE
%n25m=n25_-n25; % makeup ethylene feed to DISTILLATION, not necessary!
sum5=n25+72+n105+n85+ncyc;
f25=n25/sum5; f65=72/sum5;   f105=n105/sum5; f85=n85/sum5; fcyc5=ncyc/sum5; f5=f25+f65+f105+f85+fcyc5;
P5before=p2*f25+p6*f65+p10*f105+p8*f85+pcyc*fcyc5;
%sum5=n25_+72+n105+n85+ncyc;
%f25=n25_/sum5; f65=72/sum5;   f105=n105/sum5; f85=n85/sum5; fcyc5=ncyc/sum5; f5=f25+f65+f105+f85+fcyc5;
%P5after=p2*f25+p6*f65+p10*f105+p8*f85+pcyc*fcyc5;
% 5 END OF NEW CODE
%-------------------------------------------------------------------------
 
n2total=(n20+n21m+n22m+n23m+n24m); % total amount of ethylene (mol/s) inlet to rxr train (fresh+recycle)
fresh=(n2total)-n25;               % fresh c2 reqd, assumes 100% of outlet ethylene (pure) is recycled
recycle=n25;                       % c2 recycle, assumes 100% of outlet ethylene (pure) is recycled
 
A=((n2total)-n25)/((n2total)); % overall conversion of ethylene
s6=3*72/(n2total-n25);         % overall hexene selectivity
s10=(5*n105)/(n2total-n25);    % selectivity of decene
s8=1-s10-s6;                   % selectivity octene
 
y6=s6*A;         % yield of hexene (mol percent)
y8=s8*A;         % yield octene
y10=s10*A;       % yield decene
hours=x(1)/3600; % tau, hours
 
%---------convert from molar flow to mass flow rates-----------------------
dcyc=779000; % liquid density cyclohexane, g/m3
d6=673000; 
d8=715000;
d10=740000;
d2=567920; % this is LIQUID density of ethylene
mwcyc=84.16; % molar mass cyclohexane, g/mol
mw6=84.1608; 
mw8=112.24;
mw10=140.27;
mw2=28.05;
mweth=30.07;
mwmeth=16.04;
mwoct=130.2279;
 
% lb/h                             m3/s
mcyc=ncyc*mwcyc*3600*0.00220462;   vcyc=(ncyc*mwcyc)/dcyc;  % cyclohexane
m61=x(3)*mw6*3600*0.00220462;      v61=(x(3)*mw6)/d6; % hexene
m62=x(4)*mw6*3600*0.00220462;      v62=(x(4)*mw6)/d6;
m63=x(5)*mw6*3600*0.00220462;      v63=(x(5)*mw6)/d6;
m64=x(6)*mw6*3600*0.00220462;      v64=(x(6)*mw6)/d6;
m65=72*mw6*3600*0.00220462;        v65=(72*mw6)/d6;
m81=n81*mw8*3600*0.00220462;       v81=(n81*mw8)/d8; % octene
m82=n82*mw8*3600*0.00220462;       v82=(n82*mw8)/d8;
m83=n83*mw8*3600*0.00220462;       v83=(n83*mw8)/d8;
m84=n84*mw8*3600*0.00220462;       v84=(n84*mw8)/d8;
m85=n85*mw8*3600*0.00220462;       v85=(n85*mw8)/d8;
m101=n101*mw10*3600*0.00220462;    v101=(n101*mw10)/d10; % decene 
m102=n102*mw10*3600*0.00220462;    v102=(n102*mw10)/d10;
m103=n103*mw10*3600*0.00220462;    v103=(n103*mw10)/d10;
m104=n104*mw10*3600*0.00220462;    v104=(n104*mw10)/d10;
m105=n105*mw10*3600*0.00220462;    v105=(n105*mw10)/d10;
m20=n20*mw2*3600*0.00220462;       v20=(n20*mw2)/d2; % ethylene
m21=n21*mw2*3600*0.00220462;       v21=(n21*mw2)/d2; 
m22=n22*mw2*3600*0.00220462;       v22=(n22*mw2)/d2;
m23=n23*mw2*3600*0.00220462;       v23=(n23*mw2)/d2;
m24=n24*mw2*3600*0.00220462;       v24=(n24*mw2)/d2;
m25=n25*mw2*3600*0.00220462;       v25=(n25*mw2)/d2;
m21m=n21m*mw2*3600*0.00220462;       v21m=(n21m*mw2)/d2; 
m22m=n22m*mw2*3600*0.00220462;       v22m=(n22m*mw2)/d2;
m23m=n23m*mw2*3600*0.00220462;       v23m=(n23m*mw2)/d2;
m24m=n24m*mw2*3600*0.00220462;       v24m=(n24m*mw2)/d2;
m21_=n21_*mw2*3600*0.00220462;       v21_=(n21_*mw2)/d2; 
m22_=n22_*mw2*3600*0.00220462;       v22_=(n22_*mw2)/d2;
m23_=n23_*mw2*3600*0.00220462;       v23_=(n23_*mw2)/d2;
m24_=n24_*mw2*3600*0.00220462;       v24_=(n24_*mw2)/d2;
m2total=n2total*mw2*3600*0.00220462; v2total=(n2total*mw2)/d2;
 
 
fprintf('\n-------------------MOL/S BASIS----------------------------------------------------------\n')
fprintf('Stream    Ethylene    Hexene      Decene     Octene     Cyclohexane\n')
fprintf('   0      %f    %f    %f   %f   %f   mol/s\n',0,0,0,0,ncyc) % stream 0, mol/s
fprintf('   1      %f   %f   %f   %f   %f   mol/s\n',n21,x(3),n101,n81,ncyc) % stream 1
fprintf('   2      %f   %f   %f   %f   %f   mol/s\n',n22,x(4),n102,n82,ncyc) % stream 2
fprintf('   3      %f   %f   %f   %f   %f   mol/s\n',n23,x(5),n103,n83,ncyc) % stream 3
fprintf('   4      %f   %f   %f   %f   %f   mol/s\n',n24,x(6),n104,n84,ncyc) % stream 4
fprintf('   5      %f  %f   %f   %f   %f   mol/s\n',n25,72,n105,n85,ncyc) % stream 5
fprintf('   0m     %f  mol/s makeup\n',n20)
fprintf('   1m     %f   mol/s makeup\n',n21m)
fprintf('   2m     %f   mol/s makeup\n',n22m)
fprintf('   3m     %f   mol/s makeup\n',n23m)
fprintf('   4m     %f   mol/s makeup\n\n',n24m)
fprintf('Reactor   TotalC2Inlet    TotalC2Outlet    Conversion\n')
fprintf('   1      %f      %f        %f\n',n20,n21,x(7))
fprintf('   2      %f      %f        %f\n',n21_,n22,x(8))
fprintf('   3      %f      %f        %f\n',n22_,n23,x(9))
fprintf('   4      %f      %f        %f\n',n23_,n24,x(10))
fprintf('   5      %f      %f       %f\n',n24_,n25,x(2))
fprintf('overall                                    %f\n\n',A)
fprintf('Total C2 into   RXR train:   %f mol/s\n',n2total)
fprintf('Total C2 out of RXR train:   %f mol/s\n',n25)
fprintf('Minimum Fresh C2 to RXRs:    %f mol/s\n\n',fresh)
fprintf('------------------------LB/H BASIS-----------------------------------------------------\n')
fprintf('Stream    Ethylene       Hexene        Decene       Octene     Cyclohexane\n')
fprintf('   0      %f       %f       %f    %f      %f   lb/h\n',0,0,0,0,mcyc) % stream 0, mol/s
fprintf('   1      %f   %f    %f   %f   %f   lb/h\n',m21,m61,m101,m81,mcyc) % stream 1
fprintf('   2      %f   %f   %f   %f    %f   lb/h\n',m22,m62,m102,m82,mcyc) % stream 2
fprintf('   3      %f   %f   %f   %f    %f   lb/h\n',m23,m63,m103,m83,mcyc) % stream 3
fprintf('   4      %f   %f   %f   %f    %f   lb/h\n',m24,m64,m104,m84,mcyc) % stream 4
fprintf('   5      %f   %f   %f   %f   %f   lb/h\n',m25,m65,m105,m85,mcyc) % stream 5
fprintf('   0m     %f   lb/h makeup\n',m20)
fprintf('   1m     %f   lb/h makeup\n',m21m)
fprintf('   2m     %f   lb/h makeup\n',m22m)
fprintf('   3m     %f   lb/h makeup\n',m23m)
fprintf('   4m     %f   lb/h makeup\n\n',m24m)
fprintf('Reactor   TotalC2Inlet    TotalC2Outlet    Conversion\n')
fprintf('   1      %f      %f    %f\n',m20,m21,x(7))
fprintf('   2      %f      %f    %f\n',m21_,m22,x(8))
fprintf('   3      %f      %f    %f\n',m22_,m23,x(9))
fprintf('   4      %f      %f    %f\n',m23_,m24,x(10))
fprintf('   5      %f      %f    %f\n',m24_,m25,x(2))
fprintf('overall                                     %f\n\n',A)
fprintf('Total C2 into   RXR train:   %f lb/h\n',m2total)
fprintf('Total C2 out of RXR train:   %f lb/h\n',m25)
fprintf('Minimum Fresh C2 to RXRs:    %f lb/h\n\n',(m2total-m25))
 
%--MASS BALANCE
stream0=mcyc;                    % total mass of stream, lb/h
stream1=m21+m61+m101+m81+mcyc;
stream2=m22+m62+m102+m82+mcyc;
stream3=m23+m63+m103+m83+mcyc;
stream4=m24+m64+m104+m84+mcyc;
stream5=m25+m65+m105+m85+mcyc;
stream0m=m20;
stream1m=m21m;
stream2m=m22m;
stream3m=m23m;
stream4m=m24m;
inletstream=stream0+stream0m+stream1m+stream2m+stream3m+stream4m;
outletstream=stream5;
%----VOLUME OF REACTOR
% use following eqn to calculate stream density:
% rho_mix = 1 / sum(x_i/rho_i) where x_i=mass fraction, rho_i=density
% ASSUMES IT IS AN IDEAL LIQUID
rho1=1/((1000/stream1)*(m21/d2+m61/d6+m101/d10+m81/d8+mcyc/dcyc)); % density of stream1, kg/m3
rho2=1/((1000/stream2)*(m22/d2+m62/d6+m102/d10+m82/d8+mcyc/dcyc));
rho3=1/((1000/stream3)*(m23/d2+m63/d6+m103/d10+m83/d8+mcyc/dcyc));
rho4=1/((1000/stream4)*(m24/d2+m64/d6+m104/d10+m84/d8+mcyc/dcyc));
rho5=1/((1000/stream5)*(m25/d2+m65/d6+m105/d10+m85/d8+mcyc/dcyc));
q1=stream1*0.453592*(1/rho1)*(1/3600); % vol flow rate, stream1, m3/s
q2=stream2*0.453592*(1/rho2)*(1/3600);
q3=stream3*0.453592*(1/rho3)*(1/3600);
q4=stream4*0.453592*(1/rho4)*(1/3600);
q5=stream5*0.453592*(1/rho5)*(1/3600);
V1=q1*x(1); % volume of rxr1 (m3), calculated using stream 1 and tau
V2=q2*x(1);
V3=q3*x(1);
V4=q4*x(1);
V5=q5*x(1);
 
fprintf('---------MASS BALANCE-----RXR VOLUME--------------\n')
fprintf('RXR   in               out               delta            RXRvolume\n')
fprintf(' 1    %f    %f     %f lb/h    %f m3\n',stream0+stream0m,stream1,-stream0-stream0m+stream1,V1)
fprintf(' 2    %f    %f     %f lb/h    %f m3\n',stream1+stream1m,stream2,-stream1-stream1m+stream2,V2)
fprintf(' 3    %f    %f     %f lb/h    %f m3\n',stream2+stream2m,stream3,-stream2-stream2m+stream3,V3)
fprintf(' 4    %f    %f     %f lb/h    %f m3\n',stream3+stream3m,stream4,-stream3-stream3m+stream4,V4)
fprintf(' 5    %f    %f     %f lb/h    %f m3\n',stream4+stream4m,stream5,-stream4-stream4m+stream5,V5)
fprintf('all   %f    %f     %f lb/h\n\n',inletstream,outletstream,-inletstream+outletstream)
fprintf('------------------OVERALL-----------------------------------\n')
fprintf('                Hexene         Decene        Octene\n')
fprintf('Yield           %f       %f      %f\n',y6,y10,y8)
fprintf('Selectivity     %f       %f      %f\n\n',s6,s10,s8)
fprintf('Tau   %f seconds\n',x(1))
fprintf('Tau   %f    hours\n\n',hours)
 
% DISTILLATION DISTILLATION DISTILLATION DISTILLATION DISTILLATION
%----Calculate bubble point of outlet stream from rxr train (stream5)-------
noct=2*q5*1000*cat; % mol/s octanol
% m2total-m25 = MIN FRESH C2 TO RXR TRAIN
 
% Iteration # 1
% ASSUMPTION = 100% recycle ethylene
mfresh2=m2total-m25; % minimum fresh C2 to rxr train, lb/h
m_eth=(mfresh2/0.999)*0.001; % mass ethane from fresh ethylene stock, lb/h
m_meth=(mfresh2/0.999)*0.0001; % mass methane from fresh ethylene stock, lb/h
n_eth=m_eth/(mweth*3600*0.00220462); % ethane, mol/s
n_meth=m_meth/(mwmeth*3600*0.00220462); % methane, mol/s
 
ztotal=n25+72+n105+n85+ncyc+noct+n_eth+n_meth;
z2=n25/(ztotal); % mol fraction in feed (any phase)
z6=72/(ztotal);
z10=n105/(ztotal);
z8=n85/(ztotal);
zcyc=ncyc/(ztotal);
zoct=noct/(ztotal);
zeth=n_eth/(ztotal);
zmeth=n_meth/(ztotal);
Pbubble=z2*p2+z6*p6+z10*p10+z8*p8+zcyc*pcyc+zoct*poct+zeth*peth+zmeth*pmeth; % bubble P of stream5
 
% - - - - - PRE-COLUMN 1 THROTTLE - - - - - - - - - 
pthrottle=37; % pressure we throttle to prior to column 1, still at rxr temp. SPECIFY
K2=p2/pthrottle;
K6=p6/pthrottle;
K10=p10/pthrottle;
K8=p8/pthrottle;
Kcyc=pcyc/pthrottle;
Koct=poct/pthrottle;
Keth=peth/pthrottle;
Kmeth=pmeth/pthrottle;
 
alphaF6=K6/Kcyc; % HK=cyclohex is reference
alphaF2=K2/Kcyc;
alphaF8=K8/Kcyc;
alphaF10=K10/Kcyc;
alphaFcyc=Kcyc/Kcyc;
alphaFoct=Koct/Kcyc;
alphaFeth=Keth/Kcyc;
alphaFmeth=Kmeth/Kcyc;
 
psi2=(z2*(1-K2))/(1+x(11)*(K2-1));
psi6=(z6*(1-K6))/(1+x(11)*(K6-1));
psi10=(z10*(1-K10))/(1+x(11)*(K10-1));
psi8=(z8*(1-K8))/(1+x(11)*(K8-1));
psicyc=(zcyc*(1-Kcyc))/(1+x(11)*(Kcyc-1));
psioct=(zoct*(1-Koct))/(1+x(11)*(Koct-1));
psieth=(zeth*(1-Keth))/(1+x(11)*(Keth-1));
psimeth=(zmeth*(1-Kmeth))/(1+x(11)*(Kmeth-1));
y(11)=psi2+psi6+psi10+psi8+psicyc+psioct+psieth+psimeth; % solve for psi, gives us VLE
 
x2=z2/(1+x(11)*(K2-1));
y2=x2*K2;
x6=z6/(1+x(11)*(K6-1));
y6=x6*K6;
V=(ztotal)*x(11);
L=(ztotal)-V;
q=1-(V/(V+L)); % q used for column 1 feed conditions
 
% - - - - - - - - - - - - -COLUMN 1 - - - - - - - - - -
% feed composition: ztotal=n25+72+n105+n85+ncyc+noct+n_eth+n_meth;
% feed temp               = rxr temp
% feed pressure           = pthrottle
 
% specify split of 2 keys     SPECIFY
B6=.03; % hexene lost in first column
D6=72-B6; % LK = hexene
Dcyc=0.2;   % HK = cyclohexane
Bcyc=ncyc-Dcyc;
 
% estimate split of nonkey components
B2e=0;                      % lights
D2e=n25-B2e;
Bethe=0;
Dethe=n_eth-Bethe;
Bmethe=0;
Dmethe=n_meth-Bmethe;
D8e=0;                      % heavies
B8e=n85-D8e;
D10e=0;
B10e=n105-D10e;
Docte=0;
Bocte=noct-Docte;
 
Dtotale=D6+Dcyc+D2e+D8e+D10e+Docte+Dethe+Dmethe;
Btotale=B6+Bcyc+B2e+B8e+B10e+Bocte+Bethe+Bmethe;
 
% estimated Distillate mol fractions
zD6e=D6/Dtotale;
zDcyce=Dcyc/Dtotale;
zD2e=D2e/Dtotale;
zD8e=D8e/Dtotale;
zD10e=D10e/Dtotale;
zDocte=Docte/Dtotale;
zDethe=Dethe/Dtotale;
zDmethe=Dmethe/Dtotale;
% estimated Bottoms mol fractions
zB6e=B6/Btotale;
zBcyce=Bcyc/Btotale;
zB2e=B2e/Btotale;
zB8e=B8e/Btotale;
zB10e=B10e/Btotale;
zBocte=Bocte/Btotale;
zBethe=Bethe/Btotale;
zBmethe=Bmethe/Btotale;
 
pB=32; % bottoms pressure      SPECIFY
pD=32; % distillate pressure   SPECIFY
 
% distillate calc
tD=x(12); % distillate temp
TD=tD+273.15;
p6D=0.019337*exp(15.8089-2654.81/(TD-47.3)); %vapor P, hexene, psi
pcycD=0.019337*(exp(15.7527-2766.63/(TD+(-50.5)))); %vapor P,cyclohexane,psi (depends on T)
p2D=(-0.0573)*(tD^2)+21.523*tD+461.88; %vapor P,ethylene,psi (depends on t)
p8D=0.019337*exp(15.963-3116.52/(TD-60.39)); %vapor P, octene
p10D=0.019337*exp(16.0129-3448.18/(TD-76.09)); %vapor P, decene
poctD=0.019337*exp(15.7428-3017.81/(TD-137.1));%vapor P, octanol, psi 
pethD=0.019337*exp(15.6637-1511.42/(TD-17.16)); %vapor P, ethane 
pmethD=0.019337*exp(15.2243-597.84/(TD-7.16)); %vapor P, methane 
 
K2D=p2D/pD;
K6D=p6D/pD;
K10D=p10D/pD;
K8D=p8D/pD;
KcycD=pcycD/pD;
KoctD=poctD/pD;
KethD=pethD/pD;
KmethD=pmethD/pD;
y(12)=1-(zD2e*K2D+zD6e*K6D+zD10e*K10D+zD8e*K8D+zDcyce*KcycD+zDocte*KoctD+zDethe*KethD+zDmethe*KmethD); %calculate bubble point temp, distillation, degC, DISTILLATE
alphaD6=K6D/KcycD; % HK=cyclohex is reference
alphaD2=K2D/KcycD;
alphaD8=K8D/KcycD;
alphaD10=K10D/KcycD;
alphaDoct=KoctD/KcycD;
alphaDeth=KethD/KcycD;
alphaDmeth=KmethD/KcycD;
 
% bottoms calc
tB=x(13); % bottoms temp
TB=tB+273.15;
p2B=(-0.0573)*(tB^2)+21.523*tB+461.88; %vapor P,ethylene,psi (depends on t)
p6B=0.019337*exp(15.8089-2654.81/(TB-47.3)); %vapor P, hexene, psi
pcycB=0.019337*(exp(15.7527-2766.63/(TB+(-50.5)))); %vapor P,cyclohexane,psi (depends on T)
p8B=0.019337*exp(15.963-3116.52/(TB-60.39)); %vapor P, octene
p10B=0.019337*exp(16.0129-3448.18/(TB-76.09)); %vapor P, decene
poctB=0.019337*exp(15.7428-3017.81/(TB-137.1));%vapor P, octanol, psi
pethB=0.019337*exp(15.6637-1511.42/(TB-17.16)); %vapor P, ethane 
pmethB=0.019337*exp(15.2243-597.84/(TB-7.16)); %vapor P, methane 
 
K2B=p2B/pB;
K6B=p6B/pB;
K10B=p10B/pB;
K8B=p8B/pB;
KcycB=pcycB/pB;
KoctB=poctB/pB;
KethB=pethB/pB;
KmethB=pmethB/pB;
 
y(13)=1-(zB2e*K2B+zB6e*K6B+zB10e*K10B+zB8e*K8B+zBcyce*KcycB+zBocte*KoctB+zBethe*KethB+zBmethe*KmethB); %calculate bubble point temp, distillation, degC, BOTTOMS
alphaB6=K6B/KcycB; % HK = cyclohex is reference
alphaB2=K2B/KcycB;
alphaB8=K8B/KcycB;
alphaB10=K10B/KcycB;
alphaBoct=KoctB/KcycB;
alphaBeth=KethB/KcycB;
alphaBmeth=KmethB/KcycB;
 
% mean relative volatilities:
alphaAVG6=(alphaD6*alphaB6)^.5; % HK = cyclohex is reference
alphaAVG2=(alphaD2*alphaB2)^.5;
alphaAVG8=(alphaD8*alphaB8)^.5;
alphaAVG10=(alphaD10*alphaB10)^.5;
alphaAVGoct=(alphaDoct*alphaBoct)^.5;
alphaAVGeth=(alphaDeth*alphaBeth)^.5;
alphaAVGmeth=(alphaDmeth*alphaBmeth)^.5;
alphaAVGcyc=1;
Nmin=log((D6/Dcyc)*(Bcyc/B6))/log(alphaAVG6); % number of stages for first distillation, LK=hexene, HK=cyclohex
 
% nonkey component calculations: calculate using smaller of bi and di
%lights
B2=n25/(1+(Dcyc/Bcyc)*((alphaAVG2)^Nmin)); % mol/s ethylene in bottoms
D2=n25-B2;                                 %                   distillate 
Beth=n_eth/(1+(Dcyc/Bcyc)*((alphaAVGeth)^Nmin));
Deth=n_eth-Beth; 
Bmeth=n_meth/(1+(Dcyc/Bcyc)*((alphaAVGmeth)^Nmin));
Dmeth=n_meth-Bmeth; 
%heavies
D8=(n85*(Dcyc/Bcyc)*((alphaAVG8)^Nmin))/(1+(Dcyc/Bcyc)*((alphaAVG8)^Nmin));
B8=n85-D8;
D10=(n105*(Dcyc/Bcyc)*((alphaAVG10)^Nmin))/(1+(Dcyc/Bcyc)*((alphaAVG10)^Nmin));
B10=n105-D10;
Doct=(noct*(Dcyc/Bcyc)*((alphaAVGoct)^Nmin))/(1+(Dcyc/Bcyc)*((alphaAVGoct)^Nmin));
Boct=noct-Doct;
%total
Dtotal=D2+D6+D8+D10+Doct+Dcyc+Deth+Dmeth; % molar flowrate of distillate
Btotal=B2+B6+B8+B10+Boct+Bcyc+Beth+Bmeth; %                   bottoms
 
% actual distillate mol fractions
zD6=D6/Dtotal;      % mol fraction hexene in distillate
zDcyc=Dcyc/Dtotal;
zD2=D2/Dtotal;
zD8=D8/Dtotal;
zD10=D10/Dtotal;
zDoct=Doct/Dtotal;
zDeth=Deth/Dtotal;
zDmeth=Dmeth/Dtotal;
% actual bottoms mol fractions
zB6=B6/Btotal;
zBcyc=Bcyc/Btotal;
zB2=B2/Btotal;
zB8=B8/Btotal;
zB10=B10/Btotal;
zBoct=Boct/Btotal;
zBeth=Beth/Btotal;
zBmeth=Bmeth/Btotal;
 
% compare nonkey estimate to calculated
nonkeyerror=abs(B2e-B2)+abs(D2e-D2)+abs(D8e-D8)+abs(B8e-B8)+abs(D10e-D10)+abs(B10e-B10)+abs(Docte-Doct)+abs(Bocte-Boct)+abs(Bethe-Beth)+abs(Bmethe-Bmeth);
 
% UNDERWOOD EQNS
theta2=(alphaF2*z2)/(alphaF2-x(14));
theta6=(alphaF6*z6)/(alphaF6-x(14));
theta8=(alphaF8*z8)/(alphaF8-x(14));
theta10=(alphaF10*z10)/(alphaF10-x(14));
thetaoct=(alphaFoct*zoct)/(alphaFoct-x(14));
thetaeth=(alphaFeth*zeth)/(alphaFeth-x(14));
thetameth=(alphaFmeth*zmeth)/(alphaFmeth-x(14));
thetacyc=(alphaFcyc*zcyc)/(alphaFcyc-x(14));
y(14)=(1-q)-(theta6+theta8+theta10+thetaoct+thetacyc+thetaeth+thetameth); % VERY sensitive to initial conditions
Theta2=(alphaF2*(D2/Dtotal))/(alphaF2-x(14));
Theta6=(alphaF6*(D6/Dtotal))/(alphaF6-x(14));
Theta8=(alphaF8*(D8/Dtotal))/(alphaF8-x(14));
Theta10=(alphaF10*(D10/Dtotal))/(alphaF10-x(14));
Thetaoct=(alphaFoct*(Doct/Dtotal))/(alphaFoct-x(14));
Thetacyc=(alphaFcyc*(Dcyc/Dtotal))/(alphaFcyc-x(14));
Thetaeth=(alphaFeth*(Deth/Dtotal))/(alphaFeth-x(14));
Thetameth=(alphaFmeth*(Dmeth/Dtotal))/(alphaFmeth-x(14));
 
Rmin=(Theta6+Theta8+Theta10+Thetaoct+Thetacyc+Thetaeth+Thetameth)-1;
 
% GILLILAND EQNS
R=1.5*Rmin; % Assume optimal R/Rmin ratio     SPECIFY
XX=(R-Rmin)/(R+1);
YY=1-exp(((1+54.4*XX)/(11+117.2*XX))*((XX-1)/(XX^0.5)));
Nactual=(-Nmin-YY)/(YY-1);
 
% KIRKBRIDE EQN
stageratio=((zcyc/z6)*(((B6/Btotal)/(Dcyc/Dtotal))^2)*(Btotal/Dtotal))^0.206;
Ns=Nactual/(stageratio+1); % # stages in stripping section (below feed stage)
Nr=stageratio*Ns;          % # stages in rectifying section (above feed stage)
 
 
fprintf('----------------------------------DISTILLATION COLUMN 1\n')
fprintf('Column 1     Distillate   Bottoms\n')
fprintf('Methane      %f     %f\n',Dmeth,Bmeth)
fprintf('Ethylene     %f   %f  mol/s\n',D2,B2)
fprintf('Ethane       %f     %f\n',Deth,Beth)
fprintf('Hexene       %f    %f\n',D6,B6)
fprintf('Cyclohexane  %f     %f\n',Dcyc,Bcyc)
fprintf('Octene       %f     %f\n',D8,B8)
fprintf('Decene       %f     %f\n',D10,B10)
fprintf('Octanol      %f     %f\n',Doct,Boct)
fprintf('Total        %f   %f\n\n',Dtotal,Btotal)
fprintf('Temp         %f   %f degC\n',tD,tB)
fprintf('Pressure     %f   %f psi\n\n',pD,pB)
fprintf('N  = %f\n',Nactual)
fprintf('Ns = %f = # stages in stripping section (below feed stage)\n',Ns)
fprintf('Nr = %f = # stages in rectifying section (above feed stage)\n',Nr)
fprintf('R = %f\n\n',R)
fprintf('Nonkey Error = %f\n\n',nonkeyerror)
 
 
 
%------------------- COLUMN 2B -----------------------------------------
% feed = light ends from C1 = Dtotal=D2+D6+D8+D10+Doct+Dcyc+Deth+Dmeth;
% majority = methane, ethylene, ethane, hexene (some cyclohexane)
% temp = tD
% pressure = pD
 
% determine q of feed
pflash=pD; % pressure of stream
K2Dflash=p2D/pflash;
K6Dflash=p6D/pflash;
K10Dflash=p10D/pflash;
K8Dflash=p8D/pflash;
KcycDflash=pcycD/pflash;
KoctDflash=poctD/pflash;
KethDflash=pethD/pflash;
KmethDflash=pmethD/pflash;
 
alphaF2Bmeth=KmethDflash/K6Dflash;
alphaF2B2=K2Dflash/K6Dflash;
alphaF2Beth=KethDflash/K6Dflash; % LK=ethane
alphaF2B6=K6Dflash/K6Dflash; % HK=hexene is reference
alphaF2Bcyc=KcycDflash/K6Dflash;
alphaF2B10=K10Dflash/K6Dflash; 
alphaF2B8=K8Dflash/K6Dflash;  
alphaF2Boct=KoctDflash/K6Dflash;
 
psi2D=(zD2*(1-K2Dflash))/(1+x(15)*(K2Dflash-1));
psi6D=(zD6*(1-K6Dflash))/(1+x(15)*(K6Dflash-1));
psi10D=(zD10*(1-K10Dflash))/(1+x(15)*(K10Dflash-1));
psi8D=(zD8*(1-K8Dflash))/(1+x(15)*(K8Dflash-1));
psicycD=(zDcyc*(1-KcycDflash))/(1+x(15)*(KcycDflash-1));
psioctD=(zDoct*(1-KoctDflash))/(1+x(15)*(KoctDflash-1));
psimethD=(zDmeth*(1-KmethDflash))/(1+x(15)*(KmethDflash-1));
psiethD=(zDeth*(1-KethDflash))/(1+x(15)*(KethDflash-1));
y(15)=psi2D+psi6D+psi10D+psi8D+psicycD+psioctD+psimethD+psiethD; % solve for psi, gives us VLE
xD2=zD2/(1+x(15)*(K2Dflash-1)) ;% mol fraction hexene in liq phase
yD2=xD2*K2Dflash;
xD6=zD6/(1+x(15)*(K6Dflash-1));
yD6=xD6*K6Dflash;
xDcyc=zDcyc/(1+x(15)*(KcycDflash-1));
yDcyc=xDcyc*KcycDflash;
VD=(Dtotal)*x(15);
LD=(Dtotal)-VD;
qD=1-(VD/(VD+LD));
%mxD6=xD6*LD*mw6*3600*0.00220462;
%myD6=yD6*VD*mw6*3600*0.00220462;
%mxDcyc=xDcyc*LD*mwcyc*3600*0.00220462;
%myDcyc=yDcyc*VD*mwcyc*3600*0.00220462;
%mxD2=xD2*LD*mw2*3600*0.00220462;
%myD2=yD2*VD*mw2*3600*0.00220462;
%hexenepurity=mxD6/(mxD6+mxDcyc+mxD2);
%fprintf('        Liq            Vapor\n')
%fprintf('Hexene  %f     %f\n',xD6*LD*mw6*3600*0.00220462,yD6*VD*mw6*3600*0.00220462)
 
% specify split of 2 keys (LK=ethane, HK=hexene)    SPECIFY
B2eth=.00001;           %LK=ethane
D2eth=Deth-B2eth;
D26=0.000001;            %HK=hexene         
B26=D6-D26;
 
%estimatedhexenepurity=(D6*mw6)/(D6*mw6+Dcyc*mwcyc+B2eth*mweth+B22*mw2) % ONLYcontaminated with ethylene,ethane,cyclohex
 
% estimate split of nonkeys
Bmethe2=0;                  % light
Dmethe2=Dmeth-Bmethe2;
B2e2=0.3;
D2e2=D2-B2e2;
Dcyce2=0;                   % heavies
Bcyce2=Dcyc-Dcyce2;
D8e2=0;                     
B8e2=D8-D8e2;
D10e2=0;
B10e2=D10-D10e2;
Docte2=0;
Bocte2=Doct-Docte2;
 
Dtotale2=D2e2+D2eth+Dmethe2+D26+Dcyce2+D8e2+D10e2+Docte2;
Btotale2=B2e2+B2eth+Bmethe2+B26+Bcyce2+B8e2+B10e2+Bocte2;
 
% estimated Distillate mol fractions
zD26=D26/Dtotale2;       %HK
zDcyce2=Dcyce2/Dtotale2;
zD2e2=D2e2/Dtotale2; 
zD8e2=D8e2/Dtotale2;
zD10e2=D10e2/Dtotale2;
zDocte2=Docte2/Dtotale2;
zDethe2=D2eth/Dtotale2; %LK
zDmethe2=Dmethe2/Dtotale2;
% estimated Bottoms mol fractions
zB6e2=B26/Btotale2;
zBcyce2=Bcyce2/Btotale2;
zB2e2=B2e2/Btotale2; 
zB8e2=B8e2/Btotale2;
zB10e2=B10e2/Btotale2;
zBocte2=Bocte2/Btotale2;
zBethe2=B2eth/Btotale2; 
zBmethe2=Bmethe2/Btotale2;
 
pB2=27; % bottoms pressure 2            SPECIFY
pD2=27; % distillate pressure 2         SPECIFY
 
% distillate calc
tD2=x(16); % distillate temp
TD2=tD2+273.15;
pmethD2=0.019337*exp(15.2243-597.84/(TD2-7.16)); %vapor P, methane 
p2D2=(-0.0573)*(tD2^2)+21.523*tD2+461.88; %vapor P,ethylene,psi (depends on t)
pethD2=0.019337*exp(15.6637-1511.42/(TD2-17.16)); %vapor P, ethane 
p6D2=0.019337*exp(15.8089-2654.81/(TD2-47.3)); %vapor P, hexene, psi
pcycD2=0.019337*(exp(15.7527-2766.63/(TD2+(-50.5)))); %vapor P,cyclohexane,psi (depends on T)
p8D2=0.019337*exp(15.963-3116.52/(TD2-60.39)); %vapor P, octene
p10D2=0.019337*exp(16.0129-3448.18/(TD2-76.09)); %vapor P, decene
poctD2=0.019337*exp(15.7428-3017.81/(TD2-137.1));%vapor P, octanol, psi 
K2D2=p2D2/pD2;
K6D2=p6D2/pD2;
K10D2=p10D2/pD2;
K8D2=p8D2/pD2;
KcycD2=pcycD2/pD2;
KoctD2=poctD2/pD2;
KethD2=pethD2/pD2;
KmethD2=pmethD2/pD2;
y(16)=1-(zD2e2/K2D2+zD26/K6D2+zD10e2/K10D2+zD8e2/K8D2+zDcyce2/KcycD2+zDocte2/KoctD2+zDethe2/KethD2+zDmethe2/KmethD2); %calculate dew point temp, PARTIAL CONDENSER, degC, DISTILLATE
alphaD26=K6D2/K6D2; % HK=hexene is reference
alphaD22=K2D2/K6D2;
alphaD28=K8D2/K6D2;
alphaD210=K10D2/K6D2;
alphaD2oct=KoctD2/K6D2;
alphaD2eth=KethD2/K6D2;
alphaD2meth=KmethD2/K6D2;
alphaD2cyc=KcycD2/K6D2;
 
% bottoms calc
tB2=x(17); % bottoms temp
TB2=tB2+273.15;
pmethB2=0.019337*exp(15.2243-597.84/(TB2-7.16)); %vapor P, methane
p2B2=(-0.0573)*(tB2^2)+21.523*tB2+461.88; %vapor P,ethylene,psi (depends on t)
pethB2=0.019337*exp(15.6637-1511.42/(TB2-17.16)); %vapor P, ethane
p6B2=0.019337*exp(15.8089-2654.81/(TB2-47.3)); %vapor P, hexene, psi
pcycB2=0.019337*(exp(15.7527-2766.63/(TB2+(-50.5)))); %vapor P,cyclohexane,psi (depends on T)
p8B2=0.019337*exp(15.963-3116.52/(TB2-60.39)); %vapor P, octene
p10B2=0.019337*exp(16.0129-3448.18/(TB2-76.09)); %vapor P, decene
poctB2=0.019337*exp(15.7428-3017.81/(TB2-137.1));%vapor P, octanol, psi 
K2B2=p2B2/pB2;
K6B2=p6B2/pB2;
K10B2=p10B2/pB2;
K8B2=p8B2/pB2;
KcycB2=pcycB2/pB2;
KoctB2=poctB2/pB2;
KethB2=pethB2/pB2;
KmethB2=pmethB2/pB2;
y(17)=1-(zB2e2*K2B2+zB6e2*K6B2+zB10e2*K10B2+zB8e2*K8B2+zBcyce2*KcycB2+zBocte2*KoctB2+zBethe2*KethB2+zBmethe2*KmethB2); %calculate bubble point temp, distillation, degC, BOTTOMS
alphaB26=K6B2/K6B2; % HK=hexene is reference
alphaB22=K2B2/K6B2;
alphaB28=K8B2/K6B2;
alphaB210=K10B2/K6B2;
alphaB2oct=KoctB2/K6B2;
alphaB2eth=KethB2/K6B2;
alphaB2meth=KmethB2/K6B2;
alphaB2cyc=KcycB2/K6B2;
 
% mean relative volatilities:
alphaAVG26=(alphaD26*alphaB26)^.5; % HK = hexene is reference, LK = ethane
alphaAVG22=(alphaD22*alphaB22)^.5;
alphaAVG28=(alphaD28*alphaB28)^.5;
alphaAVG210=(alphaD210*alphaB210)^.5;
alphaAVG2oct=(alphaD2oct*alphaB2oct)^.5;
alphaAVG2eth=(alphaD2eth*alphaB2eth)^.5;
alphaAVG2meth=(alphaD2meth*alphaB2meth)^.5;
alphaAVG2cyc=(alphaD2cyc*alphaB2cyc)^.5;
 
Nmin2=log((D2eth/D26)*(B26/B2eth))/log(alphaAVG2eth);
 
% nonkey component calculations: calculate using smaller of bi and di
%lights
B2meth=Dmeth/(1+(D26/B26)*((alphaAVG2meth)^Nmin2));
D2meth=Dmeth-B2meth;
B22=D2/(1+(D26/B26)*((alphaAVG22)^Nmin2)); % mol/s ethylene in bottoms HK=hexene is reference
D22=D2-B22;
%heavies
D2cyc=(Dcyc*(D26/B26)*((alphaAVG2cyc)^Nmin2))/(1+(D26/B26)*((alphaAVG2cyc)^Nmin2));
B2cyc=Dcyc-D2cyc;
D28=(D8*(D26/B26)*((alphaAVG28)^Nmin2))/(1+(D26/B26)*((alphaAVG28)^Nmin2));
B28=D8-D28;
D210=(D10*(D26/B26)*((alphaAVG210)^Nmin2))/(1+(D26/B26)*((alphaAVG210)^Nmin2));
B210=D10-D210;
D2oct=(Doct*(D26/B26)*((alphaAVG2oct)^Nmin2))/(1+(D26/B26)*((alphaAVG2oct)^Nmin2));
B2oct=Doct-D2oct;
 
D2total=D2meth+D22+D2eth+D26+D2cyc+D210+D28+D2oct;
B2total=B2meth+B22+B2eth+B26+B2cyc+B210+B28+B2oct;
estimatedhexenepurity=(B26*mw6)/(B2meth*mwmeth+B22*mw2+B2eth*mweth+B26*mw6+B2cyc*mwcyc+B28*mw8+B210*mw10+B2oct*mwoct);
 
% actual distillate mol fractions
zD26=D26/D2total;
zDcyc2=D2cyc/D2total;
zD22=D22/D2total; 
zD82=D28/D2total;
zD102=D210/D2total;
zDoct2=D2oct/D2total;
zDeth2=D2eth/D2total; 
zDmeth2=D2meth/D2total;
 
% Underwood
theta2B10   =   (alphaF2B10*zD10)/(alphaF2B10-x(26));
theta2B2    =   (alphaF2B2*zD2)/(alphaF2B2-x(26));
theta2B6    =   (alphaF2B6*zD6)/(alphaF2B6-x(26));
theta2B8    =   (alphaF2B8*zD8)/(alphaF2B8-x(26));
theta2Bcyc  =   (alphaF2Bcyc*zDcyc)/(alphaF2Bcyc-x(26));
theta2Beth  =   (alphaF2Beth*zDeth)/(alphaF2Beth-x(26));
theta2Bmeth =   (alphaF2Bmeth*zDmeth)/(alphaF2Bmeth-x(26));
theta2Boct  =   (alphaF2Boct*zDoct)/(alphaF2Boct-x(26));
y(26)=(1-qD)-(theta2B10+theta2B2+theta2B6+theta2B8+theta2Bcyc+theta2Beth+theta2Bmeth+theta2Boct);
Theta2B10=(alphaF2B10*(D210/D2total))/(alphaF2B10-x(26));
Theta2B2=(alphaF2B2*(D22/D2total))/(alphaF2B2-x(26));
Theta2B6=(alphaF2B6*(D26/D2total))/(alphaF2B6-x(26));
Theta2B8=(alphaF2B8*(D28/D2total))/(alphaF2B8-x(26));
Theta2Bcyc=(alphaF2Bcyc*(D2cyc/D2total))/(alphaF2Bcyc-x(26));
Theta2Beth=(alphaF2Beth*(D2eth/D2total))/(alphaF2Beth-x(26));
Theta2Bmeth=(alphaF2Bmeth*(D2meth/D2total))/(alphaF2Bmeth-x(26));
Theta2Boct=(alphaF2Boct*(D2oct/D2total))/(alphaF2Boct-x(26));
Rmin2B=(Theta2B10+Theta2B2+Theta2B6+Theta2B8+Theta2Bcyc+Theta2Beth+Theta2Bmeth+Theta2Boct)-1;
 
% GILLILAND EQNS
R2B=1.5*Rmin2B; % Assume optimal R/Rmin ratio       SPECIFY
XX2B=(R2B-Rmin2B)/(R2B+1);
YY2B=1-exp(((1+54.4*XX2B)/(11+117.2*XX2B))*((XX2B-1)/(XX2B^0.5)));
Nactual2B=(-Nmin2-YY2B)/(YY2B-1);
 
% KIRKBRIDE EQN
stageratio2B=((zD6/zDeth)*(((B2eth/B2total)/(D26/D2total))^2)*(B2total/D2total))^0.206;
Ns2B=Nactual2B/(stageratio2B+1); % # stages in stripping section (below feed stage)
Nr2B=stageratio2B*Ns2B;          % # stages in rectifying section (above feed stage)
 
 
fprintf('----------------------------------DISTILLATION COLUMN 2B\n')
fprintf('Column 2B    Distillate   Bottoms\n')
fprintf('Methane      %f     %f\n',D2meth,B2meth)
fprintf('Ethylene     %f   %f  mol/s\n',D22,B22)
fprintf('Ethane       %f     %f\n',D2eth,B2eth)
fprintf('Hexene       %f    %f\n',D26,B26)
fprintf('Cyclohexane  %f     %f\n',D2cyc,B2cyc)
fprintf('Octene       %f     %f\n',D28,B28)
fprintf('Decene       %f     %f\n',D210,B210)
fprintf('Octanol      %f     %f\n',D2oct,B2oct)
fprintf('Total        %f   %f\n\n',D2total,B2total)
fprintf('Temp         %f   %f degC\n',tD2,tB2)
fprintf('Pressure     %f   %f psi\n\n',pD2,pB2)
fprintf('N  = %f\n',Nactual2B)
fprintf('Nmin  = %f\n',Nmin2)
fprintf('Hexene Purity = %f\n',estimatedhexenepurity)
fprintf('Ns = %f = # stages in stripping section (below feed stage)\n',Ns2B)
fprintf('Nr = %f = # stages in rectifying section (above feed stage)\n',Nr2B)
fprintf('R = %f\n\n',R2B)
 
 
 
%------------------- COLUMN 3B-----------------------------------------
% Condenser and knockout drums prior to inlet!
% feed- compressed lights from C2B: C2total=C2meth+C22+C2eth+C26+C2cyc+C210+C28+C2oct;
% majority = methane, ethylene, ethane (some hexene)
% temp = compressor outlet temp, specify below (TCmp or tCmp)
% pressure = compressor outlet p, specify below (pCmp)
 
%COMPRESSOR CONDITIONS 0 0 0 0 0 0 0 0 0 0 0 0 0 0 0 0 0 0 0 0 0 0 0 0 
pCmp=400;           % outlet P of compressors, psi  SPECIFY
tCmp=15.3;        % outlet T of compressors, degC    SPECIFY
TCmp=tCmp+273.15;   % Kelvin
 
C2meth=D2meth;      % composition of outlet stream, mol/s  SPECIFY
C22   =D22;
C2eth =D2eth;
C26   =D26;
C2cyc =D2cyc;
C210  =D210;
C28   =D28;
C2oct =D2oct;
 
C2total=C2meth+C22+C2eth+C26+C2cyc+C210+C28+C2oct;
 
zC26=C26/C2total     ;      % mol fractions, feed
zCcyc2=C2cyc/C2total;
zC22=C22/C2total;
zC82=C28/C2total;
zC102=C210/C2total;
zCoct2=C2oct/C2total;
zCeth2=C2eth/C2total;
zCmeth2=C2meth/C2total;
 
%0 0 0 0 0 0 0 0 0 0 0 0 0 0 0 0 0 0 0 0 0 0 0 0 0 0 0 0 0 0 0 0 0 0 0 0 0
 
% 3B determine q of feed
pmethCmp=0.019337*exp(15.2243-597.84/(TCmp-7.16)); %vapor P, methane (TEMP RANGE!)
p2Cmp=(-0.0573)*(tCmp^2)+21.523*tCmp+461.88; %vapor P,ethylene,psi (depends on t)
%p2Cmp=0.019337*exp(15.5368-1347.01/(TCmp-18.15)); %KNOVEL VAPOR P!
pethCmp=0.019337*exp(15.6637-1511.42/(TCmp-17.16)); %vapor P, ethane (TEMP RANGE!)
p6Cmp=0.019337*exp(15.8089-2654.81/(TCmp-47.3)); %vapor P, hexene, psi
pcycCmp=0.019337*(exp(15.7527-2766.63/(TCmp+(-50.5)))); %vapor P,cyclohexane,psi (depends on T)
p8Cmp=0.019337*exp(15.963-3116.52/(TCmp-60.39)); %vapor P, octene
p10Cmp=0.019337*exp(16.0129-3448.18/(TCmp-76.09)); %vapor P, decene
poctCmp=0.019337*exp(15.7428-3017.81/(TCmp-137.1));%vapor P, octanol, psi 
 
pflash3B=pCmp; % pressure of stream
K2C2flash=p2Cmp/pflash3B;
K6C2flash=p6Cmp/pflash3B;
K10C2flash=p10Cmp/pflash3B;
K8C2flash=p8Cmp/pflash3B;
KcycC2flash=pcycCmp/pflash3B;
KoctC2flash=poctCmp/pflash3B;
KethC2flash=pethCmp/pflash3B;
KmethC2flash=pmethCmp/pflash3B;
 
alphaF3Bmeth=KmethC2flash/KethC2flash;
alphaF3B2=K2C2flash/KethC2flash  ;    % LK=ethylene
alphaF3Beth=KethC2flash/KethC2flash;  % HK=ethane is reference
alphaF3B6=K6C2flash/KethC2flash;
alphaF3Bcyc=KcycC2flash/KethC2flash;
alphaF3B10=K10C2flash/KethC2flash; 
alphaF3B8=K8C2flash/KethC2flash;  
alphaF3Boct=KoctC2flash/KethC2flash;
psi3B2=(zC22*(1-K2C2flash))/(1+x(27)*(K2C2flash-1));
psi3B6=(zC26*(1-K6C2flash))/(1+x(27)*(K6C2flash-1));
psi3B10=(zC102*(1-K10C2flash))/(1+x(27)*(K10C2flash-1));
psi3B8=(zC82*(1-K8C2flash))/(1+x(27)*(K8C2flash-1));
psi3Bcyc=(zCcyc2*(1-KcycC2flash))/(1+x(27)*(KcycC2flash-1));
psi3Boct=(zCoct2*(1-KoctC2flash))/(1+x(27)*(KoctC2flash-1));
psi3Bmeth=(zCmeth2*(1-KethC2flash))/(1+x(27)*(KethC2flash-1));
psi3Beth=(zCeth2*(1-KmethC2flash))/(1+x(27)*(KmethC2flash-1));
y(27)=psi3B2+psi3B6+psi3B10+psi3B8+psi3Bcyc+psi3Boct+psi3Bmeth+psi3Beth; % solve for psi, gives us VLE
VF3B=(C2total)*x(27);
LF3B=(C2total)-VF3B;
qF3B=0; %1-(VF3B/(VF3B+LF3B));
 
% specify split of 2 keys (LK=ethylene, HK=ethane)  SPECIFY
B3B2=.01;         %LK
D3B2=C22-B3B2;
D3Beth=.01;       %HK
B3Beth=C2eth-D3Beth;
 
% estimate split of nonkeys
% light
B3Bemeth=0;
D3Bemeth=C2meth-B3Bemeth;
% heavy
D3Be6=0;
B3Be6=C26-D3Be6;
D3Becyc=0;
B3Becyc=C2cyc-D3Becyc;
D3Be8=0;
B3Be8=C28-D3Be8;
D3Be10=0;
B3Be10=C210-D3Be10;
D3Beoct=0;
B3Beoct=C2oct-D3Beoct;
 
B3Betotal=B3Be10+B3Be8+B3B2+B3Be6+B3Becyc+B3Beth+B3Bemeth+B3Beoct;
D3Betotal=D3Be10+D3Be8+D3B2+D3Be6+D3Becyc+D3Beth+D3Bemeth+D3Beoct;
 
% estimated Distillate mol fractions
zD3Bemeth=D3Bemeth/D3Betotal;
zD3Be2=D3B2/D3Betotal;
zD3Beeth=D3Beth/D3Betotal;
zD3Be6=D3Be6/D3Betotal;
zD3Becyc=D3Becyc/D3Betotal;
zD3Be8=D3Be8/D3Betotal;
zD3Be10=D3Be10/D3Betotal;
zD3Beoct=D3Beoct/D3Betotal;
% estimated Bottoms mol fractions
zB3Bemeth=B3Bemeth/B3Betotal;
zB3Be2=B3B2/B3Betotal;
zB3Beeth=B3Beth/B3Betotal;
zB3Be6=B3Be6/B3Betotal;
zB3Becyc=B3Becyc/B3Betotal;
zB3Be8=B3Be8/B3Betotal;
zB3Be10=B3Be10/B3Betotal;
zB3Beoct=B3Beoct/B3Betotal;
 
pB3B=395; % bottoms pressure        SPECIFY
pD3B=395; % distillate pressure     SPECIFY
% 3B distillate calc
tD3B=x(28); % distillate temp
TD3B=tD3B+273.15;
pmethD3B=0.019337*exp(15.2243-597.84/(TD3B-7.16)); %vapor P, methane
p2D3B=(-0.0573)*(tD3B^2)+21.523*tD3B+461.88; %vapor P,ethylene,psi (depends on t)
pethD3B=0.019337*exp(15.6637-1511.42/(TD3B-17.16)); %vapor P, ethane 
p6D3B=0.019337*exp(15.8089-2654.81/(TD3B-47.3)); %vapor P, hexene, psi
pcycD3B=0.019337*(exp(15.7527-2766.63/(TD3B+(-50.5)))); %vapor P,cyclohexane,psi (depends on T)
p8D3B=0.019337*exp(15.963-3116.52/(TD3B-60.39)); %vapor P, octene
p10D3B=0.019337*exp(16.0129-3448.18/(TD3B-76.09)); %vapor P, decene
poctD3B=0.019337*exp(15.7428-3017.81/(TD3B-137.1));%vapor P, octanol, psi 
K2D3B=p2D3B/pD3B;
K6D3B=p6D3B/pD3B;
K10D3B=p10D3B/pD3B;
K8D3B=p8D3B/pD3B;
KcycD3B=pcycD3B/pD3B;
KoctD3B=poctD3B/pD3B;
KethD3B=pethD3B/pD3B;
KmethD3B=pmethD3B/pD3B;
y(28)=1-(zD3Be10/K10D3B+zD3Be2/K2D3B+zD3Be6/K6D3B+zD3Be8/K8D3B+zD3Becyc/KcycD3B+zD3Beeth/KethD3B+zD3Bemeth/KmethD3B+zD3Beoct/KoctD3B); %calculate dew point temp, partial CONDENSER, degC, DISTILLATE
alphaD3B2=K2D3B/KethD3B; % LK=ethylene
alphaD3B6=K6D3B/KethD3B;
alphaD3B10=K10D3B/KethD3B; 
alphaD3B8=K8D3B/KethD3B;
alphaD3Bcyc=KcycD3B/KethD3B;
alphaD3Boct=KoctD3B/KethD3B;
alphaD3Beth=KethD3B/KethD3B; % HK=ethane is reference
alphaD3Bmeth=KmethD3B/KethD3B;
 
% 3B bottoms calc
tB3B=x(29); % bottoms temp
TB3B=tB3B+273.15;
pmethB3B=0.019337*exp(15.2243-597.84/(TB3B-7.16)); %vapor P, methane
p2B3B=(-0.0573)*(tB3B^2)+21.523*tB3B+461.88; %vapor P,ethylene,psi (depends on t)
pethB3B=0.019337*exp(15.6637-1511.42/(TB3B-17.16)); %vapor P, ethane 
p6B3B=0.019337*exp(15.8089-2654.81/(TB3B-47.3)); %vapor P, hexene, psi
pcycB3B=0.019337*(exp(15.7527-2766.63/(TB3B+(-50.5)))); %vapor P,cyclohexane,psi (depends on T)
p8B3B=0.019337*exp(15.963-3116.52/(TB3B-60.39)); %vapor P, octene
p10B3B=0.019337*exp(16.0129-3448.18/(TB3B-76.09)); %vapor P, decene
poctB3B=0.019337*exp(15.7428-3017.81/(TB3B-137.1));%vapor P, octanol, psi 
K2B3B=p2B3B/pB3B; 
